1 2 4 7 8 16 20 40 
M=20k 0.632372,1.042 0.328072,2.00851 0.19075,3.45444 0.100912,6.5298 0.0909598,7.24424 0.0419519,15.7069 0.0361217,18.2421 0.0362259,18.1896
M=40k 2.65679,0.898579 1.34003,1.78155 0.671652,3.55443 0.38815,6.15056 0.324401,7.35922 0.168157,14.1971 0.144671,16.5018 0.137778,17.3274
