1 2 4 7 8 16 20 40 
M=20k 0.572293,1.19137 0.316726,2.1527 0.160272,4.25409 0.123849,5.50522 0.104911,6.49901 0.045632,14.9416 0.0360598,18.9079 0.0264974,25.7314
M=40k 2.37884,1.01265 1.2333,1.95324 0.646267,3.72745 0.372439,6.46799 0.325011,7.41184 0.176973,13.6119 0.222824,10.8109 0.0945632,25.4743
